99999 20 1000
2
0 1 2 3 4 5 6 7 8 9 10 11 12 13 14 15 16 17 18 19 
1 3 7 8 9 6 2 4 5 0 16 17 18 19 15 11 12 13 14 10 
2 7 3 4 5 0 1 8 9 6 11 12 13 14 10 16 17 18 19 15 
3 8 4 5 0 2 7 9 6 1 12 13 14 10 11 17 18 19 15 16 
4 9 5 0 2 3 8 6 1 7 13 14 10 11 12 18 19 15 16 17 
5 6 0 2 3 4 9 1 7 8 14 10 11 12 13 19 15 16 17 18 
6 2 1 7 8 9 0 3 4 5 15 16 17 18 19 10 11 12 13 14 
7 4 8 9 6 1 3 5 0 2 17 18 19 15 16 12 13 14 10 11 
8 5 9 6 1 7 4 0 2 3 18 19 15 16 17 13 14 10 11 12 
9 0 6 1 7 8 5 2 3 4 19 15 16 17 18 14 10 11 12 13 
10 16 11 12 13 14 15 17 18 19 0 2 3 4 5 6 1 7 8 9 
11 17 12 13 14 10 16 18 19 15 2 3 4 5 0 1 7 8 9 6 
12 18 13 14 10 11 17 19 15 16 3 4 5 0 2 7 8 9 6 1 
13 19 14 10 11 12 18 15 16 17 4 5 0 2 3 8 9 6 1 7 
14 15 10 11 12 13 19 16 17 18 5 0 2 3 4 9 6 1 7 8 
15 11 16 17 18 19 10 12 13 14 6 1 7 8 9 0 2 3 4 5 
16 12 17 18 19 15 11 13 14 10 1 7 8 9 6 2 3 4 5 0 
17 13 18 19 15 16 12 14 10 11 7 8 9 6 1 3 4 5 0 2 
18 14 19 15 16 17 13 10 11 12 8 9 6 1 7 4 5 0 2 3 
19 10 15 16 17 18 14 11 12 13 9 6 1 7 8 5 0 2 3 4 
0 0 0 0 0 0 0 0 0 0 0 0 0 0 0 0 0 0 0 0 
0 1 2 3 4 5 6 7 8 9 10 11 12 13 14 15 16 17 18 19 
0 2 2 3 4 5 0 3 4 5 0 2 3 4 5 0 2 3 4 5 
0 3 3 5 2 4 0 5 2 4 0 3 5 2 4 0 3 5 2 4 
0 4 4 2 5 3 0 2 5 3 0 4 2 5 3 0 4 2 5 3 
0 5 5 4 3 2 0 4 3 2 0 5 4 3 2 0 5 4 3 2 
0 6 0 0 0 0 6 6 6 6 10 10 10 10 10 15 15 15 15 15 
0 7 3 5 2 4 6 9 1 8 10 12 14 11 13 15 17 19 16 18 
0 8 4 2 5 3 6 1 9 7 10 13 11 14 12 15 18 16 19 17 
0 9 5 4 3 2 6 8 7 1 10 14 13 12 11 15 19 18 17 16 
0 10 0 0 0 0 10 10 10 10 6 6 6 6 6 15 15 15 15 15 
0 11 2 3 4 5 10 12 13 14 6 1 7 8 9 15 16 17 18 19 
0 12 3 5 2 4 10 14 11 13 6 7 9 1 8 15 17 19 16 18 
0 13 4 2 5 3 10 11 14 12 6 8 1 9 7 15 18 16 19 17 
0 14 5 4 3 2 10 13 12 11 6 9 8 7 1 15 19 18 17 16 
0 15 0 0 0 0 15 15 15 15 15 15 15 15 15 0 0 0 0 0 
0 16 2 3 4 5 15 17 18 19 15 16 17 18 19 0 2 3 4 5 
0 17 3 5 2 4 15 19 16 18 15 17 19 16 18 0 3 5 2 4 
0 18 4 2 5 3 15 16 19 17 15 18 16 19 17 0 4 2 5 3 
0 19 5 4 3 2 15 18 17 16 15 19 18 17 16 0 5 4 3 2 
